tensor([[[-2.8620e+01, -2.6456e+01, -2.1486e+01,  ..., -3.8776e+01,
          -4.1520e+01, -4.1145e+01],
         [-2.2567e+01, -2.0204e+01, -1.5715e+01,  ..., -3.5212e+01,
          -4.1760e+01, -3.9857e+01],
         [-2.1505e+01, -2.0935e+01, -1.5791e+01,  ..., -3.2905e+01,
          -3.9519e+01, -3.8940e+01],
         ...,
         [-3.5460e+01, -3.6502e+01, -3.8879e+01,  ..., -4.6027e+01,
          -4.9394e+01, -4.7325e+01],
         [-3.4040e+01, -3.5381e+01, -3.4822e+01,  ..., -4.3762e+01,
          -4.6251e+01, -4.3213e+01],
         [-3.5157e+01, -3.6067e+01, -3.6374e+01,  ..., -4.3735e+01,
          -4.7345e+01, -4.2752e+01]],

        [[-2.3370e+01, -1.9604e+01, -2.1843e+01,  ..., -3.8298e+01,
          -4.0107e+01, -4.0129e+01],
         [-2.0836e+01, -1.4220e+01, -1.2376e+01,  ..., -3.5600e+01,
          -3.7984e+01, -3.8595e+01],
         [-2.1514e+01, -1.2947e+01, -8.4999e+00,  ..., -3.3684e+01,
          -3.8084e+01, -3.9654e+01],
         ...,
         [-3.4246e+01, -3.8030e+01, -3.5579e+01,  ..., -3.1743e+01,
          -2.9733e+01, -3.0527e+01],
         [-3.1070e+01, -3.5832e+01, -3.2549e+01,  ..., -2.8501e+01,
          -2.9166e+01, -3.1375e+01],
         [-3.3569e+01, -3.5276e+01, -3.2638e+01,  ..., -3.2122e+01,
          -3.4727e+01, -3.3969e+01]],

        [[-9.2767e+00, -4.8701e+00, -6.0910e+00,  ..., -1.9930e+01,
          -1.9448e+01, -1.8142e+01],
         [-2.7392e+00,  4.1165e+00,  1.1131e+00,  ..., -1.4422e+01,
          -1.6468e+01, -1.5963e+01],
         [-4.7011e+00,  4.8407e+00,  2.5001e+00,  ..., -1.1141e+01,
          -1.6597e+01, -1.5693e+01],
         ...,
         [-1.8726e+01, -1.8254e+01, -2.5136e+01,  ..., -3.1564e+01,
          -2.9509e+01, -2.7452e+01],
         [-1.9172e+01, -1.9443e+01, -2.4891e+01,  ..., -3.3688e+01,
          -3.1963e+01, -2.8358e+01],
         [-1.7980e+01, -1.8728e+01, -2.3450e+01,  ..., -3.2167e+01,
          -2.9522e+01, -2.6892e+01]],

        ...,

        [[-3.8640e+01, -4.2565e+01, -4.2914e+01,  ..., -3.5582e+01,
          -4.1504e+01, -4.2211e+01],
         [-4.3418e+01, -4.9775e+01, -4.8396e+01,  ..., -4.0307e+01,
          -4.5385e+01, -4.6049e+01],
         [-4.4226e+01, -5.2117e+01, -4.6338e+01,  ..., -4.2517e+01,
          -4.7598e+01, -4.5312e+01],
         ...,
         [-4.8582e+01, -5.2606e+01, -4.8205e+01,  ..., -4.3606e+01,
          -4.3625e+01, -4.4157e+01],
         [-5.0385e+01, -5.5015e+01, -5.4784e+01,  ..., -4.3891e+01,
          -4.3822e+01, -4.4911e+01],
         [-4.9657e+01, -5.2514e+01, -5.0893e+01,  ..., -4.3586e+01,
          -4.4484e+01, -4.4693e+01]],

        [[ 1.5731e+01,  2.6899e+01,  2.7698e+01,  ..., -2.1883e+01,
          -1.6932e+01, -1.4739e+01],
         [ 1.9243e+01,  3.2941e+01,  3.5084e+01,  ..., -2.3899e+01,
          -1.9483e+01, -1.6934e+01],
         [ 1.8278e+01,  3.3889e+01,  3.9373e+01,  ..., -2.2094e+01,
          -1.8192e+01, -1.5405e+01],
         ...,
         [-1.2574e+01, -1.3476e+01, -2.6663e+01,  ..., -2.3684e+01,
          -2.1756e+01, -1.9385e+01],
         [-1.2148e+01, -1.2405e+01, -2.3482e+01,  ..., -2.4842e+01,
          -2.0928e+01, -1.8419e+01],
         [-1.3886e+01, -1.4024e+01, -2.2660e+01,  ..., -2.5280e+01,
          -2.1610e+01, -2.0698e+01]],

        [[-1.2338e+02, -1.2573e+02, -1.2165e+02,  ..., -1.2186e+02,
          -1.1893e+02, -1.1633e+02],
         [-1.2136e+02, -1.2170e+02, -1.1700e+02,  ..., -1.1863e+02,
          -1.1661e+02, -1.1793e+02],
         [-1.2309e+02, -1.2369e+02, -1.2019e+02,  ..., -1.2309e+02,
          -1.2168e+02, -1.2124e+02],
         ...,
         [-1.3048e+02, -1.3453e+02, -1.3279e+02,  ..., -1.2921e+02,
          -1.3208e+02, -1.2944e+02],
         [-1.2636e+02, -1.3141e+02, -1.2501e+02,  ..., -1.3127e+02,
          -1.3500e+02, -1.2894e+02],
         [-1.2714e+02, -1.2877e+02, -1.2483e+02,  ..., -1.2637e+02,
          -1.2903e+02, -1.2383e+02]]], device='cuda:0')
Residual model3d
tensor([[[-3.0415e-02, -3.0099e-02, -4.2724e-02,  ..., -4.4795e-02,
          -4.6904e-02, -4.7987e-02],
         [-3.3167e-02, -1.5823e-02, -2.8866e-02,  ..., -5.0676e-02,
          -5.5934e-02, -4.9169e-02],
         [-3.7461e-02, -2.2743e-02, -1.8369e-02,  ..., -5.7768e-02,
          -6.1433e-02, -5.2345e-02],
         ...,
         [-7.1413e-02, -6.6263e-02, -7.4596e-02,  ..., -5.9076e-02,
          -4.8883e-02, -4.6880e-02],
         [-6.4447e-02, -6.4178e-02, -5.8932e-02,  ..., -5.1330e-02,
          -4.5279e-02, -4.8227e-02],
         [-5.5805e-02, -5.3727e-02, -5.4550e-02,  ..., -5.1854e-02,
          -4.6530e-02, -5.2554e-02]],

        [[-3.4312e-01, -3.5610e-01, -3.6885e-01,  ..., -3.4716e-01,
          -3.2924e-01, -3.2410e-01],
         [-3.3455e-01, -3.6059e-01, -3.7937e-01,  ..., -3.2711e-01,
          -3.1140e-01, -3.1214e-01],
         [-3.3824e-01, -3.6609e-01, -3.9093e-01,  ..., -2.9463e-01,
          -3.0182e-01, -3.0325e-01],
         ...,
         [-2.9252e-01, -2.8335e-01, -2.8641e-01,  ..., -2.9611e-01,
          -3.0906e-01, -3.0968e-01],
         [-2.8933e-01, -2.8013e-01, -2.8636e-01,  ..., -3.1117e-01,
          -3.1329e-01, -3.0949e-01],
         [-2.8814e-01, -2.8027e-01, -2.8537e-01,  ..., -3.1004e-01,
          -3.0746e-01, -3.0999e-01]],

        [[-2.5076e-01, -2.6999e-01, -2.7563e-01,  ..., -2.1174e-01,
          -2.2023e-01, -2.2464e-01],
         [-2.6847e-01, -2.8854e-01, -2.9368e-01,  ..., -2.1904e-01,
          -2.2805e-01, -2.2763e-01],
         [-2.9071e-01, -3.1333e-01, -3.1894e-01,  ..., -2.3811e-01,
          -2.2599e-01, -2.3005e-01],
         ...,
         [-1.9698e-01, -2.0887e-01, -2.1306e-01,  ..., -2.1313e-01,
          -2.0340e-01, -2.0954e-01],
         [-2.0075e-01, -2.1244e-01, -2.1207e-01,  ..., -1.9831e-01,
          -1.9845e-01, -2.0272e-01],
         [-2.0384e-01, -2.0483e-01, -1.9852e-01,  ..., -1.9124e-01,
          -1.9573e-01, -2.0202e-01]],

        ...,

        [[ 1.0175e-03,  1.8283e-02,  3.0380e-02,  ..., -3.9665e-02,
          -2.8434e-02, -2.0959e-02],
         [ 1.3374e-02,  3.4064e-02,  3.8563e-02,  ..., -3.4954e-02,
          -2.4207e-02, -1.6788e-02],
         [ 2.7468e-02,  5.2706e-02,  5.3257e-02,  ..., -1.4401e-02,
          -1.3684e-02, -1.0521e-02],
         ...,
         [-5.1806e-02, -5.1497e-02, -3.1937e-02,  ..., -4.4010e-02,
          -5.1497e-02, -4.5339e-02],
         [-5.2506e-02, -4.9978e-02, -4.2975e-02,  ..., -6.3596e-02,
          -6.7855e-02, -6.1554e-02],
         [-4.5321e-02, -5.1927e-02, -5.0030e-02,  ..., -6.4228e-02,
          -6.5964e-02, -5.9110e-02]],

        [[-3.7039e-01, -3.7309e-01, -3.9550e-01,  ..., -3.4073e-01,
          -3.3625e-01, -3.3144e-01],
         [-3.7519e-01, -3.8452e-01, -4.0294e-01,  ..., -3.3208e-01,
          -3.3249e-01, -3.2756e-01],
         [-3.8747e-01, -4.0123e-01, -4.1615e-01,  ..., -3.1970e-01,
          -3.2778e-01, -3.1989e-01],
         ...,
         [-2.9800e-01, -2.7942e-01, -2.8736e-01,  ..., -3.1450e-01,
          -3.2859e-01, -3.2418e-01],
         [-2.9120e-01, -2.8030e-01, -2.9229e-01,  ..., -3.2503e-01,
          -3.2994e-01, -3.2317e-01],
         [-2.8825e-01, -2.8012e-01, -2.9031e-01,  ..., -3.1016e-01,
          -3.1324e-01, -3.1753e-01]],

        [[-7.0768e-02, -9.5004e-02, -1.1058e-01,  ..., -2.3831e-02,
          -1.2615e-02, -1.5130e-02],
         [-8.7704e-02, -1.2498e-01, -1.5395e-01,  ..., -3.0165e-02,
          -1.7184e-02, -8.9398e-03],
         [-1.0858e-01, -1.4524e-01, -1.7971e-01,  ..., -2.8804e-02,
          -1.9662e-02, -1.3298e-02],
         ...,
         [ 7.1873e-03,  1.8122e-02, -1.6324e-02,  ..., -1.4943e-02,
           2.0832e-04,  4.5057e-03],
         [ 2.5746e-03,  6.8760e-03, -1.0869e-02,  ...,  2.9448e-03,
           1.8895e-02,  2.3314e-02],
         [ 1.7394e-03,  1.4802e-02, -8.1378e-04,  ...,  1.7598e-02,
           3.0910e-02,  2.1323e-02]]], device='cuda:0')
lin1 model3d
tensor([[[-3.7203e-01, -3.8374e-01, -4.0454e-01,  ..., -4.4869e-01,
          -4.3507e-01, -4.2256e-01],
         [-3.5115e-01, -3.3509e-01, -3.4753e-01,  ..., -4.2998e-01,
          -4.1762e-01, -4.2941e-01],
         [-3.4734e-01, -3.2355e-01, -3.0615e-01,  ..., -4.1005e-01,
          -4.1231e-01, -4.2460e-01],
         ...,
         [-3.6969e-01, -3.9334e-01, -3.5964e-01,  ..., -4.2770e-01,
          -4.3008e-01, -4.3954e-01],
         [-3.7390e-01, -3.8790e-01, -3.5376e-01,  ..., -4.2843e-01,
          -4.2637e-01, -4.3072e-01],
         [-3.7225e-01, -3.8869e-01, -3.5668e-01,  ..., -4.1497e-01,
          -4.1050e-01, -4.1393e-01]],

        [[-5.6416e-04,  1.3600e-01,  1.9415e-01,  ..., -1.4099e-01,
          -1.7591e-01, -1.6212e-01],
         [ 2.9259e-02,  1.8519e-01,  2.2960e-01,  ..., -1.5900e-01,
          -1.9549e-01, -1.7195e-01],
         [ 4.4428e-02,  1.9009e-01,  2.6724e-01,  ..., -1.4018e-01,
          -1.4528e-01, -1.4071e-01],
         ...,
         [-2.3277e-01, -2.4161e-01, -2.2237e-01,  ..., -2.4288e-01,
          -2.5302e-01, -2.3880e-01],
         [-2.2375e-01, -2.2844e-01, -2.2828e-01,  ..., -2.5098e-01,
          -2.5482e-01, -2.5641e-01],
         [-2.1163e-01, -2.3624e-01, -2.4889e-01,  ..., -2.5792e-01,
          -2.6664e-01, -2.7146e-01]],

        [[-9.0103e-01, -8.8895e-01, -8.6518e-01,  ..., -8.7660e-01,
          -9.3240e-01, -9.0814e-01],
         [-8.7335e-01, -8.4667e-01, -8.1643e-01,  ..., -8.4466e-01,
          -9.0675e-01, -9.0855e-01],
         [-8.6577e-01, -8.4013e-01, -8.2276e-01,  ..., -8.1787e-01,
          -8.6920e-01, -8.8861e-01],
         ...,
         [-9.1644e-01, -9.3831e-01, -8.8843e-01,  ..., -9.0296e-01,
          -9.4485e-01, -9.2462e-01],
         [-9.1764e-01, -9.3742e-01, -8.8519e-01,  ..., -9.1802e-01,
          -9.7000e-01, -9.4674e-01],
         [-9.2270e-01, -9.3457e-01, -8.8611e-01,  ..., -9.0987e-01,
          -9.4946e-01, -9.3351e-01]],

        ...,

        [[-1.5578e+00, -1.5732e+00, -1.5611e+00,  ..., -1.5676e+00,
          -1.5528e+00, -1.5466e+00],
         [-1.5588e+00, -1.5792e+00, -1.5803e+00,  ..., -1.5571e+00,
          -1.5451e+00, -1.5415e+00],
         [-1.5647e+00, -1.5939e+00, -1.6076e+00,  ..., -1.5128e+00,
          -1.5150e+00, -1.5248e+00],
         ...,
         [-1.5902e+00, -1.5929e+00, -1.6085e+00,  ..., -1.5932e+00,
          -1.5896e+00, -1.5760e+00],
         [-1.5944e+00, -1.6055e+00, -1.6087e+00,  ..., -1.6015e+00,
          -1.6059e+00, -1.5874e+00],
         [-1.5904e+00, -1.5839e+00, -1.5970e+00,  ..., -1.6029e+00,
          -1.6055e+00, -1.5954e+00]],

        [[-8.8893e-02, -1.0842e-01, -5.2670e-02,  ..., -2.1304e-02,
          -6.6385e-02, -8.5092e-02],
         [-1.4175e-01, -1.3673e-01, -7.9845e-02,  ..., -7.8032e-02,
          -1.1416e-01, -1.0872e-01],
         [-1.7145e-01, -1.6952e-01, -1.3200e-01,  ..., -1.5857e-01,
          -1.1766e-01, -1.2441e-01],
         ...,
         [-2.0899e-01, -2.4690e-01, -2.5375e-01,  ..., -1.8011e-01,
          -1.2213e-01, -1.1086e-01],
         [-2.0928e-01, -2.5408e-01, -2.1598e-01,  ..., -9.9012e-02,
          -9.7544e-02, -1.0367e-01],
         [-2.1991e-01, -2.2188e-01, -1.8910e-01,  ..., -1.0136e-01,
          -1.1898e-01, -1.2363e-01]],

        [[-3.3497e+00, -3.2990e+00, -3.2395e+00,  ..., -3.3560e+00,
          -3.3638e+00, -3.3283e+00],
         [-3.3459e+00, -3.2646e+00, -3.2300e+00,  ..., -3.3976e+00,
          -3.3799e+00, -3.3591e+00],
         [-3.3336e+00, -3.2286e+00, -3.2390e+00,  ..., -3.3827e+00,
          -3.3823e+00, -3.3740e+00],
         ...,
         [-3.5333e+00, -3.5575e+00, -3.5127e+00,  ..., -3.5399e+00,
          -3.5070e+00, -3.4662e+00],
         [-3.5643e+00, -3.5888e+00, -3.5202e+00,  ..., -3.5088e+00,
          -3.5255e+00, -3.4996e+00],
         [-3.5301e+00, -3.5624e+00, -3.5084e+00,  ..., -3.4654e+00,
          -3.4784e+00, -3.4655e+00]]], device='cuda:0')
lin2 model3d
