tensor([[[-2.0355e+01, -2.0465e+01, -1.6980e+01,  ..., -3.2178e+01,
          -3.6748e+01, -3.5423e+01],
         [-1.5520e+01, -1.5397e+01, -1.2085e+01,  ..., -2.9867e+01,
          -3.7940e+01, -3.6501e+01],
         [-1.3852e+01, -1.5033e+01, -1.0802e+01,  ..., -2.8110e+01,
          -3.5477e+01, -3.5784e+01],
         ...,
         [-3.3527e+01, -3.4847e+01, -3.5397e+01,  ..., -4.6522e+01,
          -4.9239e+01, -4.6801e+01],
         [-3.2479e+01, -3.4626e+01, -3.3390e+01,  ..., -4.5682e+01,
          -4.7972e+01, -4.2662e+01],
         [-3.1573e+01, -3.3747e+01, -3.3306e+01,  ..., -4.5710e+01,
          -5.0240e+01, -4.3404e+01]],

        [[-3.2188e+01, -2.9227e+01, -3.4195e+01,  ..., -3.9337e+01,
          -4.1075e+01, -4.1291e+01],
         [-3.1788e+01, -2.5378e+01, -2.6780e+01,  ..., -3.7558e+01,
          -3.9874e+01, -3.9735e+01],
         [-3.1987e+01, -2.3259e+01, -2.2519e+01,  ..., -3.5593e+01,
          -3.9914e+01, -4.0958e+01],
         ...,
         [-3.3989e+01, -4.0662e+01, -3.5916e+01,  ..., -3.2915e+01,
          -3.2736e+01, -3.4044e+01],
         [-3.1005e+01, -3.7202e+01, -3.2231e+01,  ..., -2.9907e+01,
          -3.2562e+01, -3.5392e+01],
         [-3.3458e+01, -3.6046e+01, -3.2638e+01,  ..., -3.4813e+01,
          -3.9404e+01, -3.7935e+01]],

        [[-1.0888e+00,  3.1904e+00,  2.5425e+00,  ..., -1.4508e+01,
          -1.4163e+01, -1.3277e+01],
         [ 5.7154e+00,  1.3806e+01,  1.1036e+01,  ..., -9.8485e+00,
          -1.2529e+01, -1.1403e+01],
         [ 3.6162e+00,  1.2669e+01,  1.1442e+01,  ..., -8.2619e+00,
          -1.3106e+01, -1.1433e+01],
         ...,
         [-1.8375e+01, -1.7761e+01, -2.4996e+01,  ..., -2.8945e+01,
          -2.6959e+01, -2.4086e+01],
         [-1.8359e+01, -1.8295e+01, -2.3804e+01,  ..., -3.1430e+01,
          -2.9409e+01, -2.3962e+01],
         [-1.5593e+01, -1.4849e+01, -2.0627e+01,  ..., -2.8444e+01,
          -2.4514e+01, -2.1020e+01]],

        ...,

        [[-4.5103e+01, -5.1093e+01, -5.3025e+01,  ..., -3.7647e+01,
          -4.4757e+01, -4.6347e+01],
         [-5.0520e+01, -5.8250e+01, -5.9223e+01,  ..., -4.0375e+01,
          -4.6915e+01, -4.8770e+01],
         [-5.2347e+01, -6.0096e+01, -5.8899e+01,  ..., -4.1309e+01,
          -4.7944e+01, -4.7787e+01],
         ...,
         [-5.3285e+01, -6.0979e+01, -5.3285e+01,  ..., -4.8119e+01,
          -4.9984e+01, -4.9264e+01],
         [-5.5143e+01, -6.2925e+01, -5.9617e+01,  ..., -5.1171e+01,
          -5.3432e+01, -5.2640e+01],
         [-5.3615e+01, -5.6980e+01, -5.4422e+01,  ..., -4.9894e+01,
          -5.2402e+01, -5.2109e+01]],

        [[ 1.6413e+01,  2.8887e+01,  2.8983e+01,  ..., -2.5199e+01,
          -2.0961e+01, -1.9407e+01],
         [ 2.4750e+01,  3.8148e+01,  3.8998e+01,  ..., -2.5585e+01,
          -2.1068e+01, -1.8444e+01],
         [ 2.3447e+01,  3.8022e+01,  4.4897e+01,  ..., -2.4281e+01,
          -2.0672e+01, -1.7326e+01],
         ...,
         [-1.1309e+01, -8.6948e+00, -2.5513e+01,  ..., -2.3402e+01,
          -2.0094e+01, -1.7631e+01],
         [-1.2005e+01, -9.0875e+00, -2.1772e+01,  ..., -2.2107e+01,
          -1.6701e+01, -1.4787e+01],
         [-1.4579e+01, -1.3202e+01, -2.2746e+01,  ..., -2.2003e+01,
          -1.6766e+01, -1.8317e+01]],

        [[-1.2068e+02, -1.2364e+02, -1.2190e+02,  ..., -1.1749e+02,
          -1.1416e+02, -1.1422e+02],
         [-1.1957e+02, -1.1819e+02, -1.1405e+02,  ..., -1.1280e+02,
          -1.1216e+02, -1.1615e+02],
         [-1.2069e+02, -1.1844e+02, -1.1419e+02,  ..., -1.1856e+02,
          -1.1760e+02, -1.1933e+02],
         ...,
         [-1.2685e+02, -1.3135e+02, -1.2925e+02,  ..., -1.2520e+02,
          -1.2862e+02, -1.2766e+02],
         [-1.2287e+02, -1.2824e+02, -1.2154e+02,  ..., -1.2737e+02,
          -1.3129e+02, -1.2544e+02],
         [-1.2668e+02, -1.2647e+02, -1.2162e+02,  ..., -1.2248e+02,
          -1.2536e+02, -1.1951e+02]]], device='cuda:0')
Residual model3d
tensor([[[ 0.0000,  0.0000,  0.0000,  ...,  0.0000,  0.0000,  0.0000],
         [ 0.0000,  0.0000,  0.0000,  ...,  0.0000,  0.0000,  0.0000],
         [ 0.0000,  0.0000,  0.0000,  ...,  0.0000,  0.0000,  0.0000],
         ...,
         [ 0.0000,  0.0000,  0.0000,  ...,  0.0000,  0.0000,  0.0000],
         [ 0.0000,  0.0000,  0.0000,  ...,  0.0000,  0.0000,  0.0000],
         [ 0.0000,  0.0000,  0.0000,  ...,  0.0000,  0.0000,  0.0000]],

        [[ 0.0000,  0.0000,  0.0000,  ...,  0.0000,  0.0000,  0.0000],
         [ 0.0000,  0.0000,  0.0000,  ...,  0.0000,  0.0000,  0.0000],
         [ 0.0000,  0.0000,  0.0000,  ...,  0.0301,  0.0000,  0.0000],
         ...,
         [ 0.0000,  0.0000,  0.0234,  ...,  0.0000,  0.0000,  0.0000],
         [ 0.0000,  0.0000,  0.0000,  ...,  0.0000,  0.0000,  0.0000],
         [ 0.0000,  0.0000,  0.0000,  ...,  0.0000,  0.0000,  0.0000]],

        [[ 0.0000,  0.0000,  0.0000,  ...,  0.0000,  0.0000,  0.0000],
         [ 0.0000,  0.0000,  0.0000,  ...,  0.0000,  0.0000,  0.0000],
         [ 0.0000,  0.0000,  0.0000,  ...,  0.0000,  0.0000,  0.0000],
         ...,
         [ 0.0000,  0.0000,  0.0000,  ...,  0.0000,  0.0000,  0.0000],
         [ 0.0000,  0.0000,  0.0000,  ...,  0.0000,  0.0000,  0.0000],
         [ 0.0000,  0.0000,  0.0000,  ...,  0.0000,  0.0000,  0.0000]],

        ...,

        [[ 0.0000,  0.0000,  0.0000,  ...,  0.0000,  0.0000,  0.0000],
         [ 0.0000,  0.0000,  0.0000,  ...,  0.0000,  0.0000,  0.0000],
         [ 0.0000,  0.0000,  0.0000,  ...,  0.0000,  0.0000,  0.0000],
         ...,
         [ 0.0000,  0.0000,  0.0000,  ...,  0.0000,  0.0000,  0.0000],
         [ 0.0000,  0.0000,  0.0000,  ...,  0.0000,  0.0000,  0.0000],
         [ 0.0000,  0.0000,  0.0000,  ...,  0.0000,  0.0000,  0.0000]],

        [[ 0.0000,  0.0000,  0.0000,  ...,  0.0000,  0.0000,  0.0000],
         [ 0.0000,  0.0000,  0.0000,  ...,  0.0000,  0.0000,  0.0000],
         [ 0.0000,  0.0000,  0.0000,  ...,  0.0180,  0.0000,  0.0000],
         ...,
         [ 0.0000,  0.0000,  0.0000,  ...,  0.0000,  0.0000,  0.0000],
         [ 0.0000,  0.0000,  0.0000,  ...,  0.0000,  0.0000,  0.0000],
         [ 0.0000,  0.0000,  0.0000,  ...,  0.0000,  0.0000,  0.0000]],

        [[ 0.0000,  0.0000,  0.0000,  ...,  0.0087,  0.0068,  0.0087],
         [ 0.0000,  0.0000,  0.0000,  ...,  0.0015,  0.0000,  0.0028],
         [ 0.0000,  0.0000,  0.0000,  ...,  0.0012,  0.0003,  0.0039],
         ...,
         [ 0.0207,  0.0320,  0.0417,  ...,  0.0346,  0.0313,  0.0284],
         [ 0.0166,  0.0219,  0.0317,  ...,  0.0316,  0.0342,  0.0375],
         [ 0.0219,  0.0293,  0.0313,  ...,  0.0438,  0.0409,  0.0446]]], device='cuda:0')
lin1 model3d
tensor([[[ 1.0088e-03,  1.3693e-03,  1.8096e-03,  ...,  3.4640e-04,
           1.5730e-05, -3.4013e-04],
         [ 8.9740e-04,  1.3109e-03,  1.7977e-03,  ...,  7.9163e-04,
           4.1159e-04, -2.4341e-04],
         [ 1.0137e-03,  1.0586e-03,  1.5012e-03,  ...,  1.1344e-03,
           9.0497e-04,  1.1115e-05],
         ...,
         [ 1.1130e-02,  8.2296e-03,  9.0414e-03,  ...,  3.0894e-03,
           3.2005e-03,  4.5155e-03],
         [ 1.0195e-02,  7.8053e-03,  9.0296e-03,  ...,  3.9651e-03,
           5.0117e-03,  6.2459e-03],
         [ 7.8633e-03,  6.0982e-03,  6.9532e-03,  ...,  3.9290e-03,
           6.2791e-03,  6.3304e-03]],

        [[ 9.0844e-04,  8.8253e-04,  9.2301e-04,  ...,  2.9340e-03,
           1.0851e-03,  1.2570e-04],
         [ 5.4595e-04,  2.4304e-04,  2.1903e-04,  ...,  2.0042e-03,
           1.5834e-03,  4.9996e-05],
         [ 3.6483e-04,  8.2199e-05,  4.5535e-06,  ...,  1.7127e-03,
           3.0277e-03,  1.1889e-03],
         ...,
         [ 1.2175e-02,  2.0640e-02,  1.4742e-02,  ...,  7.1735e-04,
           4.3476e-03,  5.2446e-03],
         [ 8.1326e-03,  9.0411e-03,  9.0515e-03,  ...,  2.2904e-03,
           6.4147e-03,  6.7430e-03],
         [ 3.5566e-03,  4.7882e-03,  4.8901e-03,  ...,  1.3496e-03,
           5.8459e-03,  5.3224e-03]],

        [[ 6.5721e-05,  1.1542e-04,  7.9536e-05,  ..., -5.1384e-04,
           6.3203e-06, -9.6426e-05],
         [ 9.7961e-05,  1.0694e-04,  1.2206e-04,  ..., -4.5963e-04,
          -4.1095e-05, -1.1857e-04],
         [ 6.0071e-05,  8.3928e-05,  2.3036e-04,  ..., -5.9187e-04,
          -1.6550e-04, -2.6205e-04],
         ...,
         [ 5.2327e-04,  3.7152e-04,  5.9138e-04,  ..., -7.3423e-05,
           5.4154e-06, -1.2770e-05],
         [ 4.1701e-04,  3.7832e-04,  5.5508e-04,  ..., -1.3122e-04,
           4.5944e-06, -2.7118e-05],
         [ 1.3902e-04,  1.9919e-04,  3.0679e-04,  ..., -2.3418e-04,
          -4.8915e-05,  3.3561e-05]],

        ...,

        [[ 3.8824e-04,  4.5575e-04,  5.6960e-04,  ...,  4.8627e-04,
           1.9410e-04,  8.1013e-05],
         [ 4.1061e-04,  5.1604e-04,  5.7690e-04,  ...,  1.0264e-03,
           1.9016e-04,  3.7233e-05],
         [ 3.5377e-04,  3.1104e-04,  5.3874e-04,  ...,  1.3273e-03,
           9.5699e-05, -4.8228e-05],
         ...,
         [ 1.6749e-04,  4.8098e-04,  1.2303e-04,  ..., -1.4435e-04,
          -7.4147e-05, -1.9934e-04],
         [ 7.5783e-05,  4.6704e-04,  2.5044e-04,  ...,  7.6085e-05,
           1.5732e-04,  7.6368e-05],
         [ 1.8045e-04,  3.3085e-04,  2.2505e-04,  ...,  1.6452e-04,
           2.7103e-04,  2.8579e-04]],

        [[ 2.5572e-04,  2.3117e-04,  4.1382e-04,  ...,  4.5285e-04,
           2.0342e-04,  1.4047e-04],
         [ 2.8878e-04, -1.6431e-04, -2.3495e-04,  ...,  1.2328e-03,
           2.0198e-04,  9.8887e-05],
         [ 4.2259e-04, -2.5798e-04, -6.4283e-04,  ...,  3.4012e-03,
           9.9710e-04,  6.3404e-04],
         ...,
         [ 1.2878e-03,  2.0158e-03,  1.4242e-03,  ..., -3.6057e-05,
           5.6027e-04,  6.0207e-04],
         [ 1.1269e-03,  1.9611e-03,  1.4689e-03,  ...,  4.7560e-04,
           1.2442e-03,  9.8668e-04],
         [ 7.5117e-04,  1.0146e-03,  8.8673e-04,  ...,  4.1116e-04,
           1.0118e-03,  7.6387e-04]],

        [[ 1.0204e-04,  4.0107e-04,  5.8636e-04,  ..., -6.8894e-04,
          -4.2507e-04, -4.7489e-04],
         [ 1.7450e-04,  5.2298e-04,  6.7344e-04,  ..., -4.5958e-04,
          -1.2721e-04, -3.6982e-04],
         [ 1.6290e-04,  4.4754e-04,  6.9819e-04,  ...,  2.4651e-04,
           4.3585e-04,  7.4030e-05],
         ...,
         [ 7.4594e-04,  2.3436e-04,  2.6696e-04,  ..., -2.2896e-04,
           1.6272e-04,  2.9126e-04],
         [ 3.5354e-04,  2.4068e-04,  2.7607e-04,  ..., -1.4398e-04,
           5.5679e-05,  4.2695e-04],
         [-2.9008e-04, -1.7260e-04, -6.8624e-05,  ..., -1.8698e-04,
           1.1636e-04,  1.6055e-04]]], device='cuda:0')
lin1 model3d
tensor([[[-0.5584, -0.5657, -0.5580,  ..., -0.6395, -0.5578, -0.5653],
         [-0.5609, -0.5704, -0.5626,  ..., -0.6162, -0.5449, -0.5533],
         [-0.5577, -0.5713, -0.5577,  ..., -0.6246, -0.5127, -0.5295],
         ...,
         [-0.4975, -0.4870, -0.4974,  ..., -0.5236, -0.5039, -0.5015],
         [-0.5152, -0.4982, -0.5173,  ..., -0.4969, -0.4790, -0.4736],
         [-0.5162, -0.4960, -0.4755,  ..., -0.4881, -0.4705, -0.4805]],

        [[-0.7936, -0.8009, -0.7932,  ..., -0.7726, -0.7875, -0.7897],
         [-0.8070, -0.7885, -0.7707,  ..., -0.7449, -0.7927, -0.7960],
         [-0.8049, -0.7826, -0.7610,  ..., -0.7121, -0.7885, -0.7806],
         ...,
         [-0.8959, -0.9260, -0.8865,  ..., -0.8536, -0.8621, -0.8728],
         [-0.9024, -0.9338, -0.8940,  ..., -0.8649, -0.9044, -0.8910],
         [-0.9079, -0.9076, -0.8897,  ..., -0.8807, -0.9104, -0.8939]],

        [[-0.5767, -0.5658, -0.5414,  ..., -0.6082, -0.5871, -0.5934],
         [-0.5707, -0.5396, -0.5069,  ..., -0.5868, -0.5777, -0.5896],
         [-0.5684, -0.5332, -0.4954,  ..., -0.6110, -0.5715, -0.5825],
         ...,
         [-0.4999, -0.4578, -0.4924,  ..., -0.5263, -0.5124, -0.5191],
         [-0.4942, -0.4661, -0.4861,  ..., -0.4914, -0.4803, -0.5085],
         [-0.4948, -0.4908, -0.4939,  ..., -0.4990, -0.4766, -0.4954]],

        ...,

        [[-1.3441, -1.3307, -1.3159,  ..., -1.3307, -1.3563, -1.3557],
         [-1.3418, -1.3288, -1.3134,  ..., -1.3239, -1.3603, -1.3606],
         [-1.3392, -1.3311, -1.3199,  ..., -1.3001, -1.3713, -1.3708],
         ...,
         [-1.3919, -1.3965, -1.3848,  ..., -1.3638, -1.3678, -1.3680],
         [-1.3868, -1.3958, -1.3866,  ..., -1.3775, -1.3862, -1.3804],
         [-1.3950, -1.3876, -1.3946,  ..., -1.3835, -1.3890, -1.3782]],

        [[-0.6357, -0.6334, -0.6003,  ..., -0.5964, -0.6468, -0.6502],
         [-0.6458, -0.6287, -0.5729,  ..., -0.6297, -0.6640, -0.6629],
         [-0.6343, -0.6179, -0.5570,  ..., -0.6647, -0.6822, -0.6774],
         ...,
         [-0.5772, -0.5679, -0.6129,  ..., -0.5437, -0.5225, -0.5282],
         [-0.5951, -0.5748, -0.5901,  ..., -0.5213, -0.5063, -0.5179],
         [-0.6029, -0.5919, -0.5917,  ..., -0.5230, -0.5298, -0.5422]],

        [[-3.9314, -3.9351, -3.8978,  ..., -3.8790, -3.9463, -3.9458],
         [-3.9428, -3.9478, -3.8912,  ..., -3.9208, -3.9636, -3.9593],
         [-3.9367, -3.9369, -3.8765,  ..., -3.9818, -3.9928, -3.9837],
         ...,
         [-3.7902, -3.7016, -3.8172,  ..., -3.8102, -3.7666, -3.7683],
         [-3.8013, -3.7358, -3.7813,  ..., -3.7474, -3.6892, -3.7363],
         [-3.8286, -3.8147, -3.8384,  ..., -3.7590, -3.7282, -3.7679]]], device='cuda:0')
lin2 model3d
tensor([[[-3.2111e+01, -3.3422e+01, -3.1486e+01,  ..., -3.5384e+01,
          -3.7803e+01, -3.8780e+01],
         [-3.2582e+01, -3.2623e+01, -3.0987e+01,  ..., -3.4460e+01,
          -3.8920e+01, -3.8570e+01],
         [-3.1053e+01, -3.1657e+01, -2.8626e+01,  ..., -3.3900e+01,
          -3.9041e+01, -3.8456e+01],
         ...,
         [-3.7088e+01, -3.7809e+01, -4.0264e+01,  ..., -4.1763e+01,
          -4.4779e+01, -4.4224e+01],
         [-3.4282e+01, -3.5399e+01, -3.4753e+01,  ..., -3.7172e+01,
          -4.0298e+01, -4.0315e+01],
         [-3.4408e+01, -3.4791e+01, -3.5335e+01,  ..., -3.7488e+01,
          -4.1082e+01, -4.0779e+01]],

        [[-2.8765e+01, -2.8828e+01, -3.4306e+01,  ..., -4.0394e+01,
          -4.2464e+01, -4.2605e+01],
         [-2.9278e+01, -2.9252e+01, -3.3508e+01,  ..., -3.8531e+01,
          -3.9980e+01, -4.0113e+01],
         [-3.0218e+01, -2.9972e+01, -3.1182e+01,  ..., -3.6546e+01,
          -4.0472e+01, -4.1193e+01],
         ...,
         [-3.8282e+01, -3.8494e+01, -3.5108e+01,  ..., -3.6232e+01,
          -3.4948e+01, -3.4986e+01],
         [-3.5649e+01, -3.7126e+01, -3.2940e+01,  ..., -3.3779e+01,
          -3.4628e+01, -3.5516e+01],
         [-3.5636e+01, -3.6677e+01, -3.3806e+01,  ..., -3.5961e+01,
          -3.6791e+01, -3.6418e+01]],

        [[-9.1903e+00, -8.1024e+00, -9.5829e+00,  ..., -1.5515e+01,
          -1.4556e+01, -1.4680e+01],
         [-7.9582e+00, -6.5224e+00, -9.9874e+00,  ..., -1.3330e+01,
          -1.3971e+01, -1.3865e+01],
         [-1.0867e+01, -8.0784e+00, -1.2803e+01,  ..., -1.1155e+01,
          -1.5066e+01, -1.3664e+01],
         ...,
         [-1.6920e+01, -1.6986e+01, -2.4004e+01,  ..., -2.8357e+01,
          -2.5997e+01, -2.4579e+01],
         [-1.6739e+01, -1.7048e+01, -2.2051e+01,  ..., -2.9024e+01,
          -2.7331e+01, -2.5776e+01],
         [-1.7231e+01, -1.7916e+01, -2.2375e+01,  ..., -2.8510e+01,
          -2.6539e+01, -2.5413e+01]],

        ...,

        [[-4.5462e+01, -4.3754e+01, -4.5069e+01,  ..., -4.4391e+01,
          -5.0127e+01, -5.0092e+01],
         [-4.5040e+01, -4.4472e+01, -4.3781e+01,  ..., -4.5352e+01,
          -5.0411e+01, -5.1220e+01],
         [-4.6626e+01, -4.8035e+01, -4.2457e+01,  ..., -4.5958e+01,
          -5.1491e+01, -5.0462e+01],
         ...,
         [-5.2176e+01, -5.3192e+01, -5.0030e+01,  ..., -5.0181e+01,
          -5.0424e+01, -5.0539e+01],
         [-5.3570e+01, -5.4939e+01, -5.5796e+01,  ..., -5.0358e+01,
          -5.0220e+01, -4.9605e+01],
         [-5.2956e+01, -5.2953e+01, -5.3219e+01,  ..., -4.8759e+01,
          -4.9767e+01, -4.9362e+01]],

        [[-9.1348e-02, -5.5621e-01, -2.7227e+00,  ..., -2.9472e+01,
          -2.3814e+01, -2.2500e+01],
         [ 1.0599e-01, -8.2467e-01, -4.2194e+00,  ..., -2.9057e+01,
          -2.4348e+01, -2.2631e+01],
         [-1.2355e+00, -1.6404e+00, -3.5929e+00,  ..., -2.6678e+01,
          -2.3414e+01, -2.1433e+01],
         ...,
         [-1.9500e+01, -1.8847e+01, -3.0713e+01,  ..., -2.9138e+01,
          -2.8404e+01, -2.7473e+01],
         [-1.8946e+01, -1.8471e+01, -2.8057e+01,  ..., -3.2572e+01,
          -2.9918e+01, -2.8317e+01],
         [-1.9268e+01, -1.8650e+01, -2.7251e+01,  ..., -3.1379e+01,
          -2.9215e+01, -2.8180e+01]],

        [[-1.1908e+02, -1.1902e+02, -1.1297e+02,  ..., -1.1583e+02,
          -1.1349e+02, -1.1354e+02],
         [-1.1851e+02, -1.2071e+02, -1.1389e+02,  ..., -1.1623e+02,
          -1.1318e+02, -1.1460e+02],
         [-1.2018e+02, -1.2336e+02, -1.1836e+02,  ..., -1.2209e+02,
          -1.1858e+02, -1.1764e+02],
         ...,
         [-1.3226e+02, -1.3535e+02, -1.3543e+02,  ..., -1.2291e+02,
          -1.2384e+02, -1.2388e+02],
         [-1.2805e+02, -1.3166e+02, -1.2678e+02,  ..., -1.2117e+02,
          -1.2390e+02, -1.2282e+02],
         [-1.2865e+02, -1.2966e+02, -1.2554e+02,  ..., -1.2132e+02,
          -1.2443e+02, -1.2207e+02]]], device='cuda:0')
lin1 model3d
