tensor([[[-1.0989e-03, -1.8813e-03, -1.3646e-03,  ..., -1.7297e-03,
          -1.8768e-03, -1.0961e-03],
         [-1.2123e-03, -8.0962e-04,  7.5829e-04,  ...,  3.8369e-04,
          -9.2151e-04,  1.9757e-03],
         [-1.0852e-03, -1.5352e-03,  9.3231e-04,  ...,  3.5385e-04,
          -7.5727e-04,  2.0080e-03],
         ...,
         [ 2.6920e-05, -2.3868e-04, -5.6325e-04,  ...,  2.7071e-04,
           3.5136e-05,  3.0544e-05],
         [ 2.2016e-04,  2.1173e-04, -2.5590e-04,  ..., -1.5481e-04,
           9.3253e-05, -4.3579e-06],
         [ 1.5844e-04,  2.7303e-04,  5.2065e-05,  ...,  5.4338e-04,
           2.0961e-05, -5.0059e-05]],

        [[ 5.5348e-04,  1.0571e-03,  1.8968e-03,  ...,  2.2605e-04,
           5.5179e-05,  1.8679e-04],
         [ 1.4553e-03,  1.8617e-03,  2.1739e-03,  ...,  3.2126e-04,
          -4.3859e-04, -1.4859e-04],
         [ 1.2438e-03,  1.5090e-03,  2.4459e-03,  ...,  1.1870e-03,
           6.3258e-04,  7.1195e-04],
         ...,
         [ 2.4103e-04,  2.1338e-04,  1.6120e-04,  ...,  2.3969e-04,
          -1.1340e-04, -3.1426e-05],
         [ 3.0013e-04,  2.0346e-04,  1.0701e-05,  ...,  2.1618e-04,
          -1.3929e-04, -1.0127e-04],
         [ 2.0919e-04,  2.7473e-04,  1.4081e-04,  ...,  1.5244e-04,
          -4.4659e-05, -2.7271e-05]],

        [[ 1.1892e-04,  1.8406e-05,  2.8112e-03,  ...,  3.3964e-03,
           3.1544e-03,  2.8177e-03],
         [ 2.6474e-04,  6.7100e-04,  3.6221e-02,  ...,  2.3898e-03,
           1.0081e-03,  1.6891e-03],
         [ 2.1165e-04,  3.4268e-04,  1.5894e-03,  ...,  9.6984e-04,
           1.0067e-03,  9.1047e-04],
         ...,
         [ 6.7701e-04,  4.9137e-04,  6.3964e-04,  ...,  7.9046e-04,
           6.0293e-04,  1.3670e-03],
         [ 6.4670e-04,  5.0266e-04,  6.2153e-04,  ...,  8.7861e-04,
           7.9084e-04,  1.1755e-03],
         [ 6.2995e-04,  5.2122e-04,  6.1057e-04,  ...,  8.4983e-04,
           7.2536e-04,  1.1032e-03]],

        ...,

        [[ 9.3894e-04,  1.5630e-03,  2.3940e-03,  ...,  1.1703e-03,
           1.4590e-03,  2.0294e-03],
         [ 1.9318e-03,  2.5523e-03,  3.3993e-03,  ...,  1.7304e-03,
           1.6327e-03,  2.3013e-03],
         [ 1.5498e-03,  1.6444e-03,  3.5763e-03,  ...,  1.7339e-03,
           1.3961e-03,  2.1123e-03],
         ...,
         [ 9.8636e-05,  1.1473e-04,  1.5420e-04,  ..., -5.3772e-04,
          -3.3730e-04, -3.0105e-04],
         [-1.1143e-04, -1.3905e-04, -1.7820e-04,  ..., -9.4028e-04,
          -5.8896e-04, -5.2961e-04],
         [-5.3569e-04, -4.3443e-04, -3.1485e-04,  ..., -3.7884e-04,
          -5.5992e-04, -3.8663e-04]],

        [[ 1.0129e-02,  1.4880e-02,  1.5400e-02,  ...,  8.0342e-03,
           7.0374e-03,  5.0185e-03],
         [ 1.2780e-02,  1.6474e-02,  1.6900e-02,  ...,  6.9540e-03,
           6.5355e-03,  5.1371e-03],
         [ 9.6310e-03,  1.1432e-02,  1.4826e-02,  ...,  8.6886e-03,
           5.7226e-03,  5.3910e-03],
         ...,
         [ 3.6769e-03,  3.1007e-03,  4.0892e-03,  ..., -7.2106e-05,
           1.6148e-04,  3.5568e-04],
         [ 2.1691e-03,  1.0477e-03,  2.4475e-03,  ..., -4.8254e-04,
          -3.0413e-04,  1.9499e-05],
         [ 6.3518e-04,  1.5380e-04,  1.2605e-03,  ...,  7.6695e-04,
           1.3764e-04,  6.3168e-04]],

        [[ 1.9762e-03,  3.5253e-03,  3.8481e-03,  ...,  1.5296e-01,
           2.2223e-01,  1.1790e-01],
         [ 2.8651e-03,  4.3065e-03,  4.9802e-03,  ...,  1.9243e-01,
           3.5980e-01,  2.7380e-01],
         [ 2.1689e-03,  2.9606e-03,  4.5242e-03,  ...,  3.4067e-02,
           1.7526e-01,  1.3426e-01],
         ...,
         [ 1.0469e-03,  1.0361e-03,  1.0004e-03,  ...,  9.9963e-04,
           1.7011e-04,  5.2542e-04],
         [ 6.9526e-04,  3.9837e-04,  8.0118e-04,  ...,  1.0834e-03,
           2.8646e-04,  4.5966e-04],
         [ 3.6581e-04,  1.5406e-04,  3.5365e-04,  ...,  7.6746e-04,
           3.4263e-04,  5.8144e-04]]], device='cuda:0')

tensor([[[-1.0989e-03, -1.8813e-03, -1.3646e-03,  ..., -1.7297e-03,
          -1.8768e-03, -1.0961e-03],
         [-1.2123e-03, -8.0962e-04,  7.5829e-04,  ...,  3.8369e-04,
          -9.2151e-04,  1.9757e-03],
         [-1.0852e-03, -1.5352e-03,  9.3231e-04,  ...,  3.5385e-04,
          -7.5727e-04,  2.0080e-03],
         ...,
         [ 2.6920e-05, -2.3868e-04, -5.6325e-04,  ...,  2.7071e-04,
           3.5136e-05,  3.0544e-05],
         [ 2.2016e-04,  2.1173e-04, -2.5590e-04,  ..., -1.5481e-04,
           9.3253e-05, -4.3579e-06],
         [ 1.5844e-04,  2.7303e-04,  5.2065e-05,  ...,  5.4338e-04,
           2.0961e-05, -5.0059e-05]],

        [[ 5.5348e-04,  1.0571e-03,  1.8968e-03,  ...,  2.2605e-04,
           5.5179e-05,  1.8679e-04],
         [ 1.4553e-03,  1.8617e-03,  2.1739e-03,  ...,  3.2126e-04,
          -4.3859e-04, -1.4859e-04],
         [ 1.2438e-03,  1.5090e-03,  2.4459e-03,  ...,  1.1870e-03,
           6.3258e-04,  7.1195e-04],
         ...,
         [ 2.4103e-04,  2.1338e-04,  1.6120e-04,  ...,  2.3969e-04,
          -1.1340e-04, -3.1426e-05],
         [ 3.0013e-04,  2.0346e-04,  1.0701e-05,  ...,  2.1618e-04,
          -1.3929e-04, -1.0127e-04],
         [ 2.0919e-04,  2.7473e-04,  1.4081e-04,  ...,  1.5244e-04,
          -4.4659e-05, -2.7271e-05]],

        [[ 1.1892e-04,  1.8406e-05,  2.8112e-03,  ...,  3.3964e-03,
           3.1544e-03,  2.8177e-03],
         [ 2.6474e-04,  6.7100e-04,  3.6221e-02,  ...,  2.3898e-03,
           1.0081e-03,  1.6891e-03],
         [ 2.1165e-04,  3.4268e-04,  1.5894e-03,  ...,  9.6984e-04,
           1.0067e-03,  9.1047e-04],
         ...,
         [ 6.7701e-04,  4.9137e-04,  6.3964e-04,  ...,  7.9046e-04,
           6.0293e-04,  1.3670e-03],
         [ 6.4670e-04,  5.0266e-04,  6.2153e-04,  ...,  8.7861e-04,
           7.9084e-04,  1.1755e-03],
         [ 6.2995e-04,  5.2122e-04,  6.1057e-04,  ...,  8.4983e-04,
           7.2536e-04,  1.1032e-03]],

        ...,

        [[ 9.3894e-04,  1.5630e-03,  2.3940e-03,  ...,  1.1703e-03,
           1.4590e-03,  2.0294e-03],
         [ 1.9318e-03,  2.5523e-03,  3.3993e-03,  ...,  1.7304e-03,
           1.6327e-03,  2.3013e-03],
         [ 1.5498e-03,  1.6444e-03,  3.5763e-03,  ...,  1.7339e-03,
           1.3961e-03,  2.1123e-03],
         ...,
         [ 9.8636e-05,  1.1473e-04,  1.5420e-04,  ..., -5.3772e-04,
          -3.3730e-04, -3.0105e-04],
         [-1.1143e-04, -1.3905e-04, -1.7820e-04,  ..., -9.4028e-04,
          -5.8896e-04, -5.2961e-04],
         [-5.3569e-04, -4.3443e-04, -3.1485e-04,  ..., -3.7884e-04,
          -5.5992e-04, -3.8663e-04]],

        [[ 1.0129e-02,  1.4880e-02,  1.5400e-02,  ...,  8.0342e-03,
           7.0374e-03,  5.0185e-03],
         [ 1.2780e-02,  1.6474e-02,  1.6900e-02,  ...,  6.9540e-03,
           6.5355e-03,  5.1371e-03],
         [ 9.6310e-03,  1.1432e-02,  1.4826e-02,  ...,  8.6886e-03,
           5.7226e-03,  5.3910e-03],
         ...,
         [ 3.6769e-03,  3.1007e-03,  4.0892e-03,  ..., -7.2106e-05,
           1.6148e-04,  3.5568e-04],
         [ 2.1691e-03,  1.0477e-03,  2.4475e-03,  ..., -4.8254e-04,
          -3.0413e-04,  1.9499e-05],
         [ 6.3518e-04,  1.5380e-04,  1.2605e-03,  ...,  7.6695e-04,
           1.3764e-04,  6.3168e-04]],

        [[ 1.9762e-03,  3.5253e-03,  3.8481e-03,  ...,  1.5296e-01,
           2.2223e-01,  1.1790e-01],
         [ 2.8651e-03,  4.3065e-03,  4.9802e-03,  ...,  1.9243e-01,
           3.5980e-01,  2.7380e-01],
         [ 2.1689e-03,  2.9606e-03,  4.5242e-03,  ...,  3.4067e-02,
           1.7526e-01,  1.3426e-01],
         ...,
         [ 1.0469e-03,  1.0361e-03,  1.0004e-03,  ...,  9.9963e-04,
           1.7011e-04,  5.2542e-04],
         [ 6.9526e-04,  3.9837e-04,  8.0118e-04,  ...,  1.0834e-03,
           2.8646e-04,  4.5966e-04],
         [ 3.6581e-04,  1.5406e-04,  3.5365e-04,  ...,  7.6746e-04,
           3.4263e-04,  5.8144e-04]]], device='cuda:0')

tensor([ 0.1876,  0.0885,  0.0718,  0.0778,  0.1148,  0.1333,  0.0732,
        -0.0083, -0.0264, -0.0611,  0.0381,  0.0264, -0.0142,  0.0060,
         0.0230,  0.0466])

Script2D
