Script3D
tensor([[[ 3.3282e-04,  7.6783e-04,  1.0304e-03,  ..., -2.8674e-04,
          -1.6591e-04, -2.0019e-04],
         [ 4.9877e-04,  3.9733e-04,  3.9010e-04,  ...,  1.1653e-04,
          -1.2732e-05, -1.2342e-04],
         [ 5.3498e-04,  2.4972e-04, -1.8313e-06,  ...,  4.9552e-04,
           1.0887e-04, -1.5387e-05],
         ...,
         [ 4.6547e-03,  4.0639e-03,  5.2643e-03,  ..., -2.9214e-04,
          -6.3775e-04, -9.5695e-04],
         [ 4.7690e-03,  3.2178e-03,  4.1265e-03,  ...,  5.5047e-04,
           1.2127e-03,  9.5304e-04],
         [ 6.4954e-03,  3.6185e-03,  4.0337e-03,  ...,  7.0620e-04,
           1.9774e-03,  2.4860e-03]],

        [[ 4.2016e-04,  5.5489e-04,  5.8982e-04,  ..., -4.8909e-04,
          -2.4782e-04, -1.6757e-04],
         [ 3.9653e-04,  5.5326e-05, -5.8950e-05,  ..., -4.1824e-04,
          -1.5352e-04, -1.8664e-04],
         [ 2.9918e-04, -5.0740e-05,  1.8732e-04,  ..., -1.5543e-04,
          -1.4570e-05, -6.9432e-05],
         ...,
         [ 4.5448e-04,  6.1272e-04,  6.0630e-04,  ..., -2.5748e-04,
          -3.3058e-04, -1.7114e-04],
         [ 5.9437e-04,  8.0820e-04,  8.4764e-04,  ..., -1.5290e-04,
          -2.0000e-04,  1.2482e-04],
         [ 4.7338e-04,  4.1813e-04,  3.5661e-04,  ..., -1.2332e-05,
           9.9236e-05,  3.8618e-04]],

        [[-2.4545e-05,  4.3673e-05,  1.5199e-04,  ..., -5.4634e-04,
          -5.2782e-05, -7.3342e-05],
         [ 6.9844e-05,  1.4228e-04,  2.4217e-04,  ..., -5.2939e-04,
          -1.7574e-05, -8.1551e-05],
         [ 1.4459e-05,  1.7830e-05,  3.1215e-04,  ..., -5.6786e-04,
          -1.4736e-05, -1.5569e-04],
         ...,
         [ 3.6398e-05, -4.3043e-05,  1.0867e-04,  ..., -1.5977e-04,
          -2.2741e-04, -1.9670e-04],
         [ 9.3563e-05,  1.2860e-04,  1.9704e-04,  ..., -3.1655e-04,
          -3.8158e-04, -2.9637e-04],
         [-3.8713e-06,  4.2426e-05,  6.0347e-05,  ..., -3.6939e-04,
          -3.4779e-04, -2.4346e-04]],

        ...,

        [[ 3.9162e-05,  1.2108e-04,  1.3679e-04,  ...,  1.5483e-04,
          -1.4960e-04, -1.9596e-04],
         [ 1.4370e-04, -1.5744e-04, -1.8969e-04,  ...,  2.3206e-04,
          -1.3097e-04, -1.5637e-04],
         [ 9.0041e-05, -2.4484e-04,  1.1279e-05,  ...,  3.9558e-04,
          -2.4688e-05, -5.7746e-05],
         ...,
         [-1.3174e-04,  7.7851e-05,  6.2118e-05,  ...,  9.8282e-05,
           8.8014e-05,  9.5108e-05],
         [-1.6301e-04,  1.9909e-04,  1.6356e-04,  ...,  1.5354e-04,
           6.4507e-05,  1.6288e-04],
         [-2.3583e-04, -8.2538e-06,  1.2201e-04,  ...,  7.5069e-05,
           6.9633e-05,  1.1854e-04]],

        [[ 2.9556e-04,  1.2924e-04,  1.3149e-05,  ..., -4.7608e-04,
          -1.3891e-04, -3.9665e-05],
         [ 3.2185e-04, -4.0368e-04, -5.2288e-04,  ..., -5.6856e-04,
          -1.0804e-04, -5.9674e-05],
         [ 2.4136e-04, -5.7393e-04, -7.6611e-04,  ..., -1.0466e-04,
           2.1228e-04,  1.1360e-04],
         ...,
         [ 1.8953e-04,  3.1266e-04,  3.5960e-05,  ...,  6.5134e-06,
           1.4589e-04,  1.6959e-04],
         [ 3.5337e-04,  6.2816e-04,  2.5875e-04,  ...,  7.5409e-05,
           6.2225e-05,  4.8939e-05],
         [ 1.7679e-04,  1.2438e-04,  1.0364e-04,  ..., -6.1957e-05,
          -1.1974e-04, -2.0910e-05]],

        [[-1.2415e-04,  6.0478e-05,  2.3315e-04,  ..., -2.1866e-04,
          -1.1139e-04, -1.2046e-04],
         [-1.1593e-04,  2.7966e-04,  3.6301e-04,  ..., -3.7324e-04,
          -2.3728e-04, -8.9556e-05],
         [-1.2160e-04,  2.4429e-04,  2.0286e-04,  ..., -1.9715e-04,
          -1.1453e-04, -3.0366e-05],
         ...,
         [-2.3512e-04, -4.6875e-04, -3.4940e-04,  ..., -2.2177e-05,
          -1.0792e-04, -2.0007e-05],
         [-3.8529e-04, -5.7027e-04, -4.3728e-04,  ..., -8.1850e-05,
          -3.0606e-04, -2.9836e-05],
         [-4.2787e-04, -4.7411e-04, -2.5086e-04,  ..., -1.1821e-04,
          -2.4215e-04,  1.3917e-05]]], device='cuda:0')

tensor([[[ 1.4625e-04,  1.7946e-04,  4.2757e-05,  ...,  2.7732e-04,
           5.4608e-04,  3.9222e-04],
         [ 2.5556e-05,  7.2117e-05, -7.9506e-05,  ...,  3.9330e-04,
           5.5084e-04,  6.7383e-04],
         [-3.2096e-05, -5.0318e-06, -4.1796e-04,  ...,  9.7015e-05,
           2.5681e-04,  3.4223e-04],
         ...,
         [-1.2000e-04,  2.1808e-04, -5.9109e-07,  ..., -1.9391e-04,
           2.3113e-05,  8.9441e-05],
         [ 2.7233e-04,  6.0054e-04,  1.1945e-04,  ..., -2.7961e-05,
           1.5605e-04,  3.0233e-04],
         [-1.3614e-05,  2.8784e-04, -3.2779e-05,  ..., -3.6294e-06,
           1.5028e-04,  4.2872e-05]],

        [[ 7.5780e-05,  4.6379e-05,  5.8424e-05,  ...,  3.0250e-04,
           3.7841e-04,  3.4534e-04],
         [ 1.7106e-04, -6.2165e-05, -4.4461e-05,  ...,  3.4187e-04,
           3.6658e-04,  4.7619e-04],
         [ 1.1724e-04, -1.2074e-04, -1.7963e-04,  ...,  3.6746e-04,
           3.7569e-04,  4.7611e-04],
         ...,
         [-7.6000e-05, -4.2757e-06, -1.2221e-04,  ..., -4.9157e-05,
          -9.8934e-05, -4.9146e-06],
         [ 1.0014e-04,  8.4960e-05, -9.7048e-05,  ..., -1.1169e-04,
          -1.2114e-04,  4.4874e-05],
         [ 2.1816e-04,  2.4240e-04,  1.4509e-04,  ...,  3.1858e-05,
           1.7202e-05, -1.0480e-05]],

        [[ 3.6016e-05, -2.3381e-04, -1.6540e-04,  ...,  2.2488e-04,
          -1.3601e-05,  1.3490e-04],
         [-1.3456e-04, -2.0721e-04, -1.7185e-05,  ...,  5.0308e-04,
           2.1138e-04,  5.1486e-05],
         [-1.3854e-04, -2.2828e-04,  6.3764e-05,  ...,  2.1099e-04,
          -4.2380e-05,  7.2879e-05],
         ...,
         [-5.4748e-05, -5.7251e-05, -3.4971e-04,  ..., -6.1943e-05,
          -1.4902e-04,  3.1347e-05],
         [ 2.1396e-05, -3.6795e-05, -1.6163e-04,  ..., -1.1025e-04,
          -1.7603e-04, -3.0586e-05],
         [ 1.8535e-04, -1.1253e-05, -1.0830e-04,  ..., -4.7010e-06,
          -3.9957e-05,  1.4681e-04]],

        ...,

        [[ 1.0703e-04,  1.5143e-04,  1.0882e-04,  ...,  3.3312e-04,
           2.5854e-04,  1.4972e-04],
         [ 1.3709e-04,  2.3985e-04,  1.4091e-04,  ...,  4.3701e-04,
           2.8248e-04,  1.4562e-04],
         [ 1.0533e-04,  8.8426e-05, -6.3060e-05,  ...,  2.0388e-04,
           1.7452e-04,  1.6627e-04],
         ...,
         [ 1.1347e-04,  6.6823e-05,  1.9181e-05,  ...,  1.8295e-04,
           1.8777e-04,  1.1824e-04],
         [ 5.4826e-05, -1.1930e-06, -3.2615e-05,  ...,  1.4436e-04,
           1.5808e-04,  9.8924e-05],
         [-3.0453e-05, -1.2977e-04, -1.4428e-04,  ..., -1.5004e-05,
           1.3425e-05, -3.0620e-05]],

        [[ 3.4320e-04,  2.8945e-04,  3.4509e-04,  ...,  3.2554e-04,
           1.4352e-04,  1.9044e-04],
         [ 5.0838e-04,  4.8056e-04,  6.7028e-04,  ...,  2.5287e-03,
           1.4524e-03,  4.2107e-04],
         [ 3.9948e-04,  2.7182e-04,  4.8248e-04,  ...,  7.8424e-04,
           3.6975e-04,  3.8196e-04],
         ...,
         [ 6.9034e-05, -8.3570e-05,  2.3993e-04,  ...,  1.1843e-04,
          -1.9696e-05,  3.8019e-05],
         [-1.4050e-04, -2.6212e-04, -1.2546e-04,  ..., -1.3749e-04,
          -1.3145e-04, -5.1120e-05],
         [-2.6663e-04, -1.7879e-04, -9.6355e-05,  ..., -5.9488e-05,
          -1.2210e-05,  4.6612e-05]],

        [[-2.0379e-04, -2.0176e-05,  6.4405e-06,  ..., -1.5818e-04,
          -1.9884e-04, -3.2767e-04],
         [-6.7031e-05,  1.5718e-04,  2.0096e-04,  ...,  2.4515e-04,
           1.7753e-05, -1.1825e-04],
         [-1.7466e-04,  2.2355e-05, -1.2590e-04,  ..., -3.6189e-04,
          -1.3098e-04, -1.4240e-04],
         ...,
         [-2.7574e-04, -1.7714e-04, -7.1200e-05,  ..., -5.6085e-04,
          -5.1275e-04, -5.6811e-04],
         [-1.0622e-04,  2.0768e-05, -1.4887e-05,  ..., -4.3170e-04,
          -5.4048e-04, -6.3003e-04],
         [-3.3387e-04, -1.3002e-04, -1.8418e-04,  ..., -5.0211e-04,
          -6.5023e-04, -7.6977e-04]]], device='cuda:0')

